8
22
10
22
22
22
22
22
22
22
22
22
16
10
22
22
22
22
22
22
22
22
22
22
22
22
22
22
22
22
22
22
6
8
8
16
12
22
14
4
8
8
12
16
8
8
8
8
12
12
12
12
12
12
12
12
12
12
8
8
16
16
16
10
20
14
12
14
14
12
12
14
14
8
10
12
10
16
14
16
12
16
14
12
12
14
12
20
12
12
12
8
8
8
16
12
12
12
12
10
12
12
8
12
12
4
6
10
4
16
12
12
12
12
8
10
8
12
12
16
12
12
10
10
8
10
16
12
12
22
4
12
8
18
12
12
12
30
12
8
22
22
12
22
22
4
4
8
8
10
12
20
12
20
10
8
20
22
10
12
6
8
12
12
12
12
8
12
12
20
10
12
16
8
20
12
10
16
10
10
12
12
12
8
12
10
10
12
22
22
22
10
14
14
14
14
14
14
20
14
12
12
12
12
8
8
8
8
16
14
16
16
16
16
16
16
16
14
14
14
14
12
12
12
12
12
12
12
12
12
20
10
12
12
12
12
4
4
4
4
12
12
12
12
12
12
12
16
12
12
12
12
12
12
12
12